tensor_name:  BigFrame_layer/BIG_FRAME_RNN/gru_cell/candidate/bias
[-0.01364812 -0.02166099 -0.020579   ... -0.00398234 -0.00478861
 -0.01027065]
tensor_name:  BigFrame_layer/BIG_FRAME_RNN/gru_cell/candidate/kernel
[[-0.00382646  0.04072925  0.01498156 ...  0.00171779 -0.00234263
   0.00605155]
 [ 0.01011983 -0.03404746 -0.01753057 ...  0.01348703 -0.02901786
  -0.01076178]
 [-0.01717396 -0.01279683  0.01813843 ...  0.03610804 -0.01770723
   0.00133562]
 ...
 [ 0.02238255 -0.03768136 -0.02140098 ... -0.04857054 -0.05339444
   0.04162738]
 [-0.02213499 -0.02913692  0.04178413 ... -0.01204036  0.02537579
   0.01093352]
 [ 0.050657   -0.01141043  0.05088038 ... -0.03607979 -0.00916077
   0.04925872]]
tensor_name:  BigFrame_layer/BIG_FRAME_RNN/gru_cell/gates/bias
[1.0000447 1.000029  1.0002288 ... 1.0000613 0.9999116 0.9999385]
tensor_name:  BigFrame_layer/BIG_FRAME_RNN/gru_cell/gates/kernel
[[ 2.0319771e-03 -2.5684841e-02  4.0361714e-02 ...  3.4048349e-02
  -3.1370796e-02  2.2227852e-02]
 [ 1.1792434e-02  2.1234136e-02 -1.9013831e-02 ... -3.1004498e-02
   8.9950999e-03 -3.1035796e-02]
 [ 2.1146527e-02  3.8478151e-02  2.7705915e-02 ... -3.5352014e-02
   3.6048051e-02  2.3995029e-02]
 ...
 [ 2.0315897e-02 -8.1275514e-04 -2.0534929e-02 ... -1.9166010e-02
   1.2206393e-02  8.5698681e-05]
 [ 3.4882069e-02  2.0228796e-02 -7.3966044e-03 ...  4.3405123e-02
   2.2047494e-02  3.3052843e-02]
 [-1.6556328e-02  6.8386490e-03 -3.5291556e-03 ... -2.4237423e-03
   3.2225850e-03  4.0315501e-02]]
tensor_name:  BigFrame_layer/big_frame_proj_weights
[[-0.00831316  0.00280489 -0.02845483 ... -0.03164069 -0.02935445
   0.0060793 ]
 [ 0.00931087 -0.02274224  0.01474729 ...  0.02854791 -0.03187623
   0.00105723]
 [ 0.03311598 -0.0209443  -0.01956549 ...  0.00166909  0.02009012
  -0.01764009]
 ...
 [ 0.00480112 -0.00079231  0.0277322  ... -0.01680654  0.02357052
   0.00828383]
 [-0.00509354 -0.00293367 -0.01010914 ... -0.00195719  0.00041909
   0.02977272]
 [-0.01196726 -0.00151023 -0.03130767 ...  0.01323199  0.00073612
  -0.01970606]]
tensor_name:  Frame_layer/FRAME_RNN/gru_cell/candidate/bias
[-0.00658292  0.00080264 -0.00584468 ...  0.02183498  0.01263851
 -0.00493309]
tensor_name:  Frame_layer/FRAME_RNN/gru_cell/candidate/kernel
[[ 0.00460117  0.0221905   0.03319531 ...  0.03727234 -0.00182611
  -0.02538113]
 [-0.01967177  0.02160631 -0.02168624 ...  0.01842963  0.01010144
   0.00283059]
 [-0.0268067   0.04389375  0.03325625 ...  0.03553938 -0.02107478
   0.02412297]
 ...
 [-0.00736437  0.04297585 -0.03116288 ...  0.02622115 -0.00922326
  -0.00448622]
 [ 0.03897808  0.03628246 -0.02900182 ... -0.00986497  0.00395612
   0.01573123]
 [ 0.04032649  0.00503735  0.02555628 ...  0.04162566  0.05160525
   0.04233193]]
tensor_name:  Frame_layer/FRAME_RNN/gru_cell/gates/bias
[1.0030831  1.0072749  0.9991824  ... 0.9958351  0.99263394 0.9948868 ]
tensor_name:  Frame_layer/FRAME_RNN/gru_cell/gates/kernel
[[ 0.03594676  0.01549538 -0.02831083 ...  0.03805338  0.03390019
   0.02420924]
 [-0.00580103  0.0344912   0.00637742 ...  0.01485427  0.00463517
   0.03824576]
 [ 0.02976302  0.02263037  0.02583475 ...  0.0157426  -0.02833267
   0.01584678]
 ...
 [ 0.03049595 -0.00735222 -0.01493762 ... -0.01141815 -0.03058704
  -0.01856379]
 [ 0.03320057  0.01127092 -0.01967909 ... -0.00707348  0.0278881
  -0.02991722]
 [ 0.00851746 -0.03467467 -0.00080042 ... -0.03795354 -0.04023537
   0.0134519 ]]
tensor_name:  Frame_layer/frame_cell_proj_weights
[[-0.19528787  0.1788351  -0.2250255  ...  0.06995898 -0.10142817
  -0.17553706]
 [ 0.28412995 -0.1409064   0.07638268 ... -0.2719677   0.23026194
   0.07393558]]
tensor_name:  Frame_layer/frame_proj_weights
[[-0.00812636  0.00471104  0.03652574 ...  0.0005711   0.00262027
  -0.03964146]
 [-0.00440843  0.01068903 -0.01155486 ... -0.02012653 -0.02582729
  -0.02777748]
 [ 0.01236811 -0.03636812 -0.02927789 ... -0.04446739  0.02790586
  -0.02616515]
 ...
 [-0.01805613 -0.02274125 -0.03581703 ...  0.00381232  0.02955023
  -0.03630244]
 [ 0.01347196 -0.03297291  0.03150749 ... -0.01908568 -0.00163234
  -0.03302662]
 [-0.00803738 -0.00400453  0.03514796 ...  0.02345449 -0.02358814
   0.03928696]]
tensor_name:  Sample_layer/embedding
[[-0.05795096  0.0915997   0.06723262 ... -0.01738517  0.08643768
  -0.09966457]
 [ 0.10658818 -0.08577166 -0.09456911 ...  0.09852548 -0.00304139
  -0.0980268 ]
 [-0.0490224   0.07348532 -0.02543567 ...  0.09804289  0.05210469
   0.07924802]
 ...
 [ 0.07752503 -0.08157239  0.08747207 ... -0.08424827  0.07942936
  -0.04209014]
 [ 0.04841597 -0.04160534 -0.00953638 ... -0.06028361 -0.00542204
  -0.0242467 ]
 [-0.03696651 -0.01579838  0.08899389 ...  0.04553998  0.08320136
  -0.08792033]]
tensor_name:  Sample_layer/sample_filter
[[[ 0.00066789 -0.00200876 -0.00429597 ... -0.00720748 -0.00366365
   -0.00090035]]

 [[-0.01592369 -0.0066972   0.0036143  ... -0.01056945  0.01533933
    0.00399982]]

 [[-0.00343152 -0.00136281 -0.00541898 ...  0.00058127  0.00455899
   -0.01042286]]

 ...

 [[-0.01061516  0.01980476 -0.03923699 ...  0.01181572 -0.02859159
    0.01559898]]

 [[ 0.01012762 -0.01693232  0.01409852 ...  0.01399138 -0.00087443
    0.00147573]]

 [[ 0.01650169  0.00320001 -0.03101705 ... -0.00970972 -0.01448076
    0.00507714]]]
tensor_name:  Sample_layer/sample_mlp1
[[-0.03964465 -0.01247118  0.06534442 ... -0.00792055  0.03307601
  -0.03323036]
 [-0.01299929 -0.04655396 -0.01064555 ... -0.00466656 -0.02142646
  -0.04984812]
 [ 0.05475114  0.0257438  -0.01625448 ...  0.01447023  0.02577442
  -0.03411853]
 ...
 [-0.02261876  0.02887694  0.04158719 ...  0.02886151  0.02945064
  -0.05752924]
 [ 0.00999475 -0.03844795 -0.06177575 ...  0.01896928  0.0538981
  -0.04297125]
 [ 0.03576295 -0.05332878  0.00854181 ... -0.00524922  0.05291545
  -0.0158712 ]]
tensor_name:  Sample_layer/sample_mlp2
[[ 0.03303866  0.02649915 -0.06073519 ... -0.03028056 -0.01464785
  -0.04711662]
 [ 0.01454577 -0.00522528  0.02220308 ...  0.04629007 -0.01251433
  -0.01393373]
 [ 0.0042297  -0.02441812 -0.00429584 ... -0.01292832  0.04161314
   0.10401339]
 ...
 [-0.03707488 -0.00444174 -0.01707069 ... -0.00970472 -0.04192495
   0.03061613]
 [-0.03027943 -0.07319722  0.03120926 ...  0.00417695 -0.03697469
  -0.09037361]
 [ 0.08749118  0.06842345 -0.06386429 ...  0.0267745   0.05902502
   0.01162985]]
tensor_name:  Sample_layer/sample_mlp3
[[-0.06286534 -0.03996488 -0.03922247 ... -0.06653364 -0.03278044
   0.02242489]
 [-0.08019122  0.04771291 -0.05719275 ...  0.01239378  0.06932281
   0.00733133]
 [-0.02132083  0.00925853 -0.08447406 ...  0.02865415 -0.0705048
  -0.08905272]
 ...
 [-0.07657333 -0.0010141  -0.02453257 ... -0.05598341 -0.00456406
   0.04455325]
 [-0.07223819 -0.06343352  0.05388166 ...  0.01321531  0.04279871
   0.05954431]
 [ 0.04344211 -0.04753422 -0.03371828 ... -0.02090534  0.00311963
   0.04006422]]
tensor_name:  infe_big_frame_inp
[[[-0.04779615]
  [-0.18623266]
  [ 0.10404122]
  [ 0.12616342]
  [-0.06767832]
  [ 0.1164735 ]
  [-0.01805443]
  [-0.1664502 ]]

 [[-0.16656575]
  [ 0.06098509]
  [ 0.18512815]
  [-0.02531014]
  [ 0.01158357]
  [-0.18830864]
  [ 0.16281068]
  [ 0.05317646]]

 [[-0.07815996]
  [-0.18360434]
  [ 0.07857743]
  [-0.04464407]
  [-0.1455857 ]
  [-0.07052299]
  [-0.02693513]
  [-0.00885379]]

 [[ 0.07050738]
  [-0.16179243]
  [-0.05107085]
  [ 0.17373946]
  [ 0.03322816]
  [ 0.17112741]
  [ 0.17581102]
  [-0.07119854]]

 [[-0.12096629]
  [-0.04855715]
  [ 0.04316904]
  [ 0.1550234 ]
  [ 0.01604998]
  [-0.08212068]
  [-0.08024243]
  [ 0.03802678]]

 [[ 0.15117696]
  [ 0.1403414 ]
  [-0.07302915]
  [ 0.1347655 ]
  [ 0.01422326]
  [-0.04629335]
  [-0.18948935]
  [ 0.02533583]]

 [[-0.10339132]
  [ 0.12585878]
  [-0.11643641]
  [ 0.15691122]
  [ 0.08755329]
  [ 0.14439058]
  [ 0.11106259]
  [ 0.09574869]]

 [[ 0.03192623]
  [ 0.01982674]
  [ 0.11661312]
  [-0.02483647]
  [ 0.11866722]
  [ 0.010361  ]
  [ 0.10301614]
  [ 0.19310433]]

 [[-0.08192144]
  [-0.13115749]
  [ 0.12966442]
  [-0.0258559 ]
  [-0.10908696]
  [-0.15102214]
  [ 0.10496369]
  [ 0.10505003]]

 [[ 0.12627041]
  [ 0.14776105]
  [ 0.01831645]
  [ 0.05320281]
  [-0.16539915]
  [ 0.02875616]
  [ 0.15797621]
  [-0.09100902]]

 [[-0.03669365]
  [ 0.07261756]
  [ 0.07943937]
  [ 0.12763235]
  [-0.16753072]
  [-0.07927926]
  [-0.17283367]
  [ 0.09711859]]

 [[ 0.03009762]
  [ 0.08417758]
  [ 0.11586735]
  [ 0.18061489]
  [ 0.19197503]
  [ 0.01368487]
  [ 0.00648585]
  [ 0.09816155]]

 [[ 0.11347678]
  [-0.09424631]
  [ 0.04605591]
  [ 0.18547252]
  [-0.14484543]
  [-0.11454584]
  [ 0.15908355]
  [-0.15991987]]

 [[ 0.00932056]
  [ 0.03930385]
  [ 0.18392298]
  [ 0.02032407]
  [ 0.0689733 ]
  [-0.07375327]
  [-0.1035108 ]
  [ 0.02848805]]

 [[-0.09286761]
  [ 0.17831016]
  [ 0.12395206]
  [ 0.19569069]
  [-0.16902338]
  [ 0.16252872]
  [ 0.08542708]
  [ 0.07928124]]

 [[ 0.16883421]
  [-0.14847782]
  [-0.08421861]
  [-0.06893884]
  [ 0.14551571]
  [ 0.10938126]
  [-0.05351086]
  [-0.06448425]]]
tensor_name:  infe_big_frame_outp
[[[-1.04475366e-02  7.24010356e-03 -8.89668893e-03 ...  1.01307891e-02
    7.21106492e-03 -1.17433770e-02]
  [-1.34750009e-02  9.92884114e-03  5.97425550e-03 ...  9.09350067e-03
   -1.38469832e-02  1.02952998e-02]
  [ 1.39910895e-02 -1.42591614e-02  3.87244299e-03 ...  2.10602023e-03
   -1.44175589e-02  1.57826375e-02]
  [ 4.50999290e-03  1.73668917e-02  1.65010896e-02 ... -1.43970996e-02
   -1.31720239e-02  2.57510692e-05]]

 [[-5.38116507e-03  1.23982448e-02 -9.64676961e-03 ... -8.65149312e-03
    1.38701368e-02  3.48662585e-03]
  [-1.16375778e-02 -9.98017844e-03  4.74856421e-03 ...  1.14354603e-02
   -3.25619802e-03 -2.06629932e-03]
  [ 3.27551924e-03  1.45956632e-02  1.06239952e-02 ...  1.35653447e-02
   -6.91204146e-03 -4.45531402e-03]
  [-2.41429172e-03  6.86908327e-03  7.60916807e-03 ...  2.58573331e-03
    1.62225571e-02 -1.59178674e-02]]

 [[ 6.95121288e-03  1.61065552e-02 -2.89370492e-03 ... -1.64271649e-02
    1.63113233e-02  1.48811173e-02]
  [ 6.27140701e-03 -1.45861674e-02  1.17292888e-02 ...  1.31493341e-02
   -9.62225255e-03 -1.88388024e-02]
  [ 9.80256312e-03 -3.93203180e-03  1.38535164e-03 ... -1.84386745e-02
    1.72657240e-02  6.48121722e-03]
  [ 1.04747992e-02 -3.19691375e-03  3.07973474e-03 ... -1.11966021e-03
   -6.12045825e-03  1.42046232e-02]]

 ...

 [[ 8.35218094e-03  1.88561212e-02  2.14745291e-03 ... -1.25300921e-02
   -3.92363872e-03 -3.43815237e-03]
  [ 2.68008374e-03 -1.79133341e-02 -1.63091794e-02 ...  1.24972705e-02
    1.52141321e-02  1.61876325e-02]
  [ 4.71684709e-03  1.60378795e-02 -6.63283002e-03 ...  1.63031314e-02
   -5.74795716e-03 -8.16881098e-03]
  [ 1.64326150e-02 -5.43254428e-03 -3.64723243e-03 ... -1.10670058e-02
   -1.89353134e-02 -8.36129393e-03]]

 [[ 4.03226167e-03  1.05737001e-02 -1.43933520e-02 ...  1.31806899e-02
   -5.36072440e-03 -1.56460926e-02]
  [ 4.18112054e-03  1.58266332e-02 -1.70682091e-02 ... -4.10097186e-03
   -1.41910836e-02 -1.17230583e-02]
  [-1.60575006e-02 -1.47072449e-02  2.04551965e-03 ... -3.49067431e-03
    1.25832278e-02 -6.44131750e-03]
  [-6.91129919e-03 -1.50970407e-02  9.03958268e-03 ... -5.60232252e-03
   -2.25913525e-03 -1.42176775e-02]]

 [[ 1.46330278e-02 -9.17263515e-03 -1.46738067e-03 ...  8.69128294e-03
   -1.83688253e-02 -9.68853105e-03]
  [-1.50874462e-02 -1.85671374e-02  1.50435437e-02 ...  5.24497405e-03
   -1.13284346e-02 -1.89294200e-02]
  [ 1.54240411e-02  6.18797168e-03  3.82930040e-03 ...  5.03364950e-03
    6.36927411e-03 -5.58585580e-03]
  [-1.45636182e-02  5.80537878e-03  1.38203111e-02 ... -6.42547384e-04
    7.23044574e-03  4.59764712e-03]]]
tensor_name:  infe_big_frame_outp_slices
[[[ 1.2194756e-02  1.9115683e-02 -5.8207354e-03 ... -6.8599517e-03
   -6.2298365e-03 -6.4021563e-03]]

 [[ 1.8245336e-02 -1.4427717e-02 -7.7852281e-03 ... -2.1149404e-04
    1.6267870e-02  1.5115239e-02]]

 [[ 1.5251320e-02 -1.5936894e-02  1.8406089e-02 ...  1.3125498e-02
    1.3000209e-02  1.3613228e-02]]

 ...

 [[-7.0266053e-04  1.1077590e-02  1.5982654e-02 ...  3.2875687e-05
   -5.0318120e-03 -9.3927123e-03]]

 [[ 2.2310931e-03 -3.1909123e-03 -9.5040435e-03 ... -1.6804989e-03
   -9.4959168e-03 -1.0831635e-03]]

 [[ 1.5417036e-02  4.1954163e-03  8.7674540e-03 ... -1.5053729e-02
    1.4661461e-02  3.8477834e-03]]]
tensor_name:  infe_frame_inp
[[[ 0.03454843]
  [-0.02835751]]

 [[-0.10690674]
  [ 0.12908366]]

 [[-0.18411395]
  [-0.00749311]]

 [[ 0.30797872]
  [-0.31883314]]

 [[-0.21361616]
  [ 0.22459742]]

 [[-0.02978036]
  [-0.07678556]]

 [[-0.10124406]
  [-0.01941916]]

 [[-0.12251431]
  [ 0.10233077]]

 [[-0.01016539]
  [ 0.10602352]]

 [[ 0.08560732]
  [-0.04523578]]

 [[-0.2067163 ]
  [-0.07808691]]

 [[ 0.17387077]
  [ 0.22563508]]

 [[ 0.30250773]
  [-0.19923961]]

 [[ 0.3355786 ]
  [ 0.1854581 ]]

 [[ 0.24085566]
  [-0.03362897]]

 [[-0.17846552]
  [ 0.1420295 ]]]
tensor_name:  infe_frame_outp
[[[-0.0026281  -0.01653018 -0.01097329 ...  0.00164241 -0.01339827
   -0.01235574]
  [ 0.01873418 -0.00381187  0.00376272 ... -0.01149433  0.00258382
    0.01472578]]

 [[-0.00591674 -0.00439541 -0.00112115 ... -0.01503186  0.01462588
   -0.00589009]
  [-0.0127768   0.00235018  0.0050489  ... -0.00592865  0.01122162
    0.00201175]]

 [[ 0.00458932  0.01242951 -0.01476612 ...  0.01100782 -0.01114526
    0.0069489 ]
  [-0.00144085  0.01528997 -0.00823634 ...  0.00442993  0.00055274
   -0.00154002]]

 ...

 [[-0.00571734  0.01396405 -0.00461699 ... -0.01533758 -0.00993781
   -0.00340642]
  [-0.00609138 -0.00715493 -0.00135258 ... -0.01226489  0.00744229
    0.00827139]]

 [[ 0.00157975  0.01561661 -0.01149242 ... -0.00979523  0.00287445
    0.01263334]
  [-0.01648724 -0.0031384   0.01582701 ... -0.00491475 -0.00854118
   -0.01582558]]

 [[-0.01499127  0.00651289  0.0049041  ...  0.0038865  -0.01829829
    0.00712096]
  [ 0.01087072 -0.00675334  0.00926536 ...  0.01255699  0.00508892
    0.01178313]]]
tensor_name:  infe_frame_outp_slices
[[[ 0.00551797  0.01361334  0.00572827 ...  0.01118464 -0.01458392
   -0.01427097]]

 [[ 0.00234738  0.01456453 -0.0041886  ...  0.01635636 -0.00301024
   -0.00177385]]

 [[-0.01198728 -0.00442041 -0.01549683 ... -0.01421271 -0.01292074
    0.01457796]]

 ...

 [[-0.01340157  0.01434281 -0.01662816 ...  0.00709916 -0.01439106
    0.01042342]]

 [[ 0.01002447 -0.01087614 -0.00708889 ...  0.01593186  0.00845522
    0.01140519]]

 [[ 0.01436675 -0.01777146  0.00039811 ...  0.01331462  0.01503911
    0.00389743]]]
tensor_name:  infe_sample_inp
[[[0]
  [0]]

 [[0]
  [0]]

 [[0]
  [0]]

 [[0]
  [0]]

 [[0]
  [0]]

 [[0]
  [0]]

 [[0]
  [0]]

 [[0]
  [0]]

 [[0]
  [0]]

 [[0]
  [0]]

 [[0]
  [0]]

 [[0]
  [0]]

 [[0]
  [0]]

 [[0]
  [0]]

 [[0]
  [0]]

 [[0]
  [0]]]
